142
6
0
4 4
1 1
5 2
4 1
2 4
0 0
1
1
1
1
1
1
1
1
1
1
1
1
1
1
1
1
1
1
0
0
1
0
0
1
0
1
0
0
1
1
1
1
0
1
1
1
1
0
0
1
1
1
1
1
1
1
1
1
1
0
1
1
0
1
0
0
1
0
0
0
1
1
1
1
1
1
1
1
1
1
0
1
1
1
0
1
0
1
0
0
1
1
1
1
1
1
1
1
0
1
0
1
0
0
1
0
0
1
0
0
1
1
1
1
0
1
1
1
0
1
0
1
1
1
1
0
0
0
1
0
1
1
1
1
1
1
1
1
1
1
1
1
1
1
1
1
1
1
0
0
0
1
1
1
1
0
1
1
1
1
1
0
1
1
1
1
0
0
1
0
0
1
0
0
1
0
1
0
1
1
1
1
1
1
1
1
0
0
1
0
1
0
1
1
1
1
1
0
1
1
1
1
1
1
1
1
0
1
0
1
0
0
1
0
1
1
0
1
1
1
1
1
1
1
1
1
1
0
1
1
1
0
1
0
1
1
1
1
0
0
1
0
1
0
0
1
0
0
1
1
1
1
1
1
1
1
1
1
1
1
1
1
1
1
1
1
1
1
1
1
1
1
1
1
1
1
1
1
1
1
1
1
1
1
0
0
1
0
0
1
0
1
0
0
1
1
1
1
0
1
0
1
1
1
0
1
1
1
1
1
1
1
1
1
1
0
1
1
0
1
0
0
1
0
1
0
1
1
1
1
1
1
1
1
0
1
1
1
1
1
0
1
0
1
0
0
1
1
1
1
1
1
1
1
0
1
0
1
0
0
1
0
0
1
0
0
1
1
1
1
0
1
1
1
1
1
0
1
1
1
1
0
0
0
1
1
1
1
1
1
1
1
1
1
1
1
1
1
1
1
1
1
0
1
0
0
0
1
1
1
1
0
1
0
1
1
1
0
1
1
1
1
0
0
1
0
0
1
0
0
1
0
1
0
1
1
1
1
1
1
1
1
0
0
1
0
1
0
1
1
1
0
1
1
1
1
1
1
1
1
1
1
0
0
0
1
0
0
1
0
1
1
0
1
1
1
1
1
1
1
1
1
1
0
0
1
1
1
1
0
1
1
1
1
0
0
1
0
1
0
0
1
0
0
1
1
1
1
1
1
1
1
1
1
1
1
1
1
1
1
1
1
